0.00306702 0
0.00920105 0.01
0.0153351 0.01
0.0214691 0.02
0.0276031 0.02
0.0337372 0.05
0.0398712 0.05
0.0460052 0.055
0.0521393 0.07
0.0582733 0.045
0.0644073 0.075
0.0705414 0.08
0.0766754 0.095
0.0828094 0.1
0.0889435 0.1
0.0950775 0.105
0.101212 0.15
0.107346 0.125
0.11348 0.095
0.119614 0.13
0.125748 0.165
0.131882 0.175
0.138016 0.185
0.14415 0.125
0.150284 0.185
0.156418 0.185
0.162552 0.175
0.168686 0.22
0.17482 0.22
0.180954 0.2
0.187088 0.245
0.193222 0.215
0.199356 0.225
0.20549 0.27
0.211624 0.305
0.217758 0.405
0.223892 0.27
0.230026 0.31
0.23616 0.335
0.242294 0.395
0.248428 0.375
0.254562 0.4
0.260696 0.445
0.26683 0.33
0.272964 0.42
0.279099 0.42
0.285233 0.41
0.291367 0.515
0.297501 0.44
0.303635 0.475
0.309769 0.39
0.315903 0.505
0.322037 0.66
0.328171 0.64
0.334305 0.535
0.340439 0.585
0.346573 0.41
0.352707 0.74
0.358841 0.575
0.364975 0.825
0.371109 0.725
0.377243 0.585
0.383377 0.8
0.389511 0.795
0.395645 0.81
0.401779 0.845
0.407913 0.665
0.414047 0.59
0.420181 0.69
0.426315 0.93
0.432449 0.92
0.438583 0.955
0.444717 0.925
0.450851 1.03
0.456985 1.005
0.46312 1.04
0.469254 1.145
0.475388 1.135
0.481522 1.21
0.487656 1.125
0.49379 1.065
0.499924 1.285
0.506058 1.23
0.512192 1.23
0.518326 1.155
0.52446 1.31
0.530594 1.21
0.536728 1.325
0.542862 1.635
0.548996 1.21
0.55513 1.36
0.561264 1.385
0.567398 1.545
0.573532 1.455
0.579666 1.22
0.5858 1.665
0.591934 1.585
0.598068 1.78
0.604202 1.735
0.610336 1.74
0.61647 1.705
0.622604 1.91
0.628738 2.16
0.634872 1.585
0.641006 2.105
0.647141 1.945
0.653275 2.25
0.659409 2.365
0.665543 2.415
0.671677 2.205
0.677811 2.36
0.683945 2.515
0.690079 2.475
0.696213 3.015
0.702347 2.675
0.708481 2.625
0.714615 2.51
0.720749 2.82
0.726883 3.115
0.733017 2.735
0.739151 3.285
0.745285 3.63
0.751419 3.34
0.757553 3.04
0.763687 3.535
0.769821 3.355
0.775955 4.095
0.782089 3.905
0.788223 3.83
0.794357 4.5
0.800491 4.9
0.806625 4.115
0.812759 4.76
0.818893 4.745
0.825027 5.015
0.831162 5.485
0.837296 5.865
0.84343 5.8
0.849564 5.945
0.855698 7.09
0.861832 6.89
0.867966 6.68
0.8741 6.405
0.880234 7.985
0.886368 8.2
0.892502 9.34
0.898636 9.23
0.90477 10.105
0.910904 11.195
0.917038 11.85
0.923172 11.32
0.929306 13.365
0.93544 14.575
0.941574 15.705
0.947708 19.96
0.953842 21.4
0.959976 24.695
0.96611 32.965
0.972244 35.935
0.978378 42.755
0.984512 64.225
0.990646 114.855
0.99678 539.355
