0.0106964 0.0142857
0.0320892 0.0428571
0.0534821 0.0614286
0.0748749 0.0757143
0.0962677 0.121429
0.117661 0.145714
0.139053 0.178571
0.160446 0.194286
0.181839 0.224286
0.203232 0.27
0.224625 0.262857
0.246017 0.347143
0.26741 0.395714
0.288803 0.404286
0.310196 0.468571
0.331589 0.462857
0.352982 0.58
0.374374 0.668571
0.395767 0.624286
0.41716 0.751429
0.438553 0.72
0.459946 0.854286
0.481339 0.9
0.502731 1.02
0.524124 1.10571
0.545517 1.23429
0.56691 1.24
0.588303 1.44286
0.609695 1.59857
0.631088 1.83857
0.652481 1.92714
0.673874 2.20857
0.695267 2.20143
0.71666 2.49857
0.738052 2.84714
0.759445 3.12143
0.780838 3.81143
0.802231 4.33143
0.823624 4.62143
0.845016 5.97
0.866409 6.73
0.887802 8.08
0.909195 10.5186
0.930588 13.4243
0.951981 19.1657
0.973373 37.6186
