1 0 4 0.791213974144 0.791213974144 -0.992381077985 -0.992381077985 -1.19964181919 -1.19964181919 -1.23264641077 -1.23264641077
1 1 4 -1.03369959324 -1.03369959324 -1.45656665182 -1.45656665182 -0.482509647243 -0.482509647243 -0.376080406548 -0.376080406548
1 2 4 -1.3936906765 -1.3936906765 0.544154625518 0.544154625518 -0.900624128895 -0.900624128895 -0.849770861826 -0.849770861826
1 3 4 0.148102874701 0.148102874701 -0.790807818218 -0.790807818218 -1.28183620923 -1.28183620923 -0.851396502366 -0.851396502366
1 4 4 -1.58101969309 -1.58101969309 -0.344046174034 -0.344046174034 -1.50065024919 -1.50065024919 -0.625383931362 -0.625383931362
1 5 4 -0.162924079505 -0.162924079505 -0.878452824317 -0.878452824317 1.83602092756 1.83602092756 0.458509573513 0.458509573513
1 6 4 0.0680273005145 0.0680273005145 -0.587394068525 -0.587394068525 -0.954797379221 -0.954797379221 -1.20191867473 -1.20191867473
1 7 4 -1.00694375299 -1.00694375299 -0.357066537751 -0.357066537751 -1.3301517178 -1.3301517178 -0.925470754664 -0.925470754664
1 8 4 0.650369203985 0.650369203985 -1.32705062266 -1.32705062266 1.12461222501 1.12461222501 -1.50856836869 -1.50856836869
1 9 4 -1.02808306717 -1.02808306717 1.5887932472 1.5887932472 -1.09213688848 -1.09213688848 0.741422546917 0.741422546917
1 10 4 1.29967089182 1.29967089182 -1.90771581638 -1.90771581638 -1.14217324654 -1.14217324654 1.40912279316 1.40912279316
1 11 4 0.277798527021 0.277798527021 -0.789101616224 -0.789101616224 1.82454680204 1.82454680204 -1.23114933186 -1.23114933186
1 12 4 0.420629796705 0.420629796705 1.33392398981 1.33392398981 -0.651269447984 -0.651269447984 0.449823916224 0.449823916224
1 13 4 1.50150234845 1.50150234845 1.06310527638 1.06310527638 1.66953215564 1.66953215564 1.30342546168 1.30342546168
1 14 4 -1.28074673643 -1.28074673643 -1.88924718216 -1.88924718216 1.65660888649 1.65660888649 1.13068372077 1.13068372077
1 15 4 -1.29329852132 -1.29329852132 1.3699981411 1.3699981411 -1.25392099506 -1.25392099506 -1.22029637189 -1.22029637189
1 16 4 -1.1063674414 -1.1063674414 -0.25046237097 -0.25046237097 1.37937388797 1.37937388797 1.97106206607 1.97106206607
1 17 4 0.00850397835445 0.00850397835445 -0.717351910376 -0.717351910376 -1.12646201742 -1.12646201742 0.961249271598 0.961249271598
1 18 4 1.93559836706 1.93559836706 -0.941566210355 -0.941566210355 1.26531139908 1.26531139908 1.23573159035 1.23573159035
1 19 4 -0.471743903044 -0.471743903044 -1.27019536029 -1.27019536029 -1.8164035467 -1.8164035467 0.814087437973 0.814087437973
1 20 4 0.0942324229629 0.0942324229629 -1.01337773074 -1.01337773074 -0.338826271055 -0.338826271055 -0.858683299391 -0.858683299391
1 21 4 1.40322021756 1.40322021756 -0.0428956471173 -0.0428956471173 -0.916494093932 -0.916494093932 -1.2460832288 -1.2460832288
1 22 4 0.734566501785 0.734566501785 -0.0881598322406 -0.0881598322406 1.33245611958 1.33245611958 0.662090438259 0.662090438259
1 23 4 0.0173881482146 0.0173881482146 0.927710063762 0.927710063762 -1.42151436375 -1.42151436375 -1.93359003628 -1.93359003628
1 24 4 0.983510921604 0.983510921604 -0.757740738889 -0.757740738889 -0.880041730626 -0.880041730626 0.483411948626 0.483411948626
1 25 4 0.101384401238 0.101384401238 0.0276218034365 0.0276218034365 1.83306044566 1.83306044566 0.118027640673 0.118027640673
1 26 4 1.10170917077 1.10170917077 -0.672830491983 -0.672830491983 -0.168145351582 -0.168145351582 1.43660262702 1.43660262702
1 27 4 0.382570852533 0.382570852533 -1.62026469262 -1.62026469262 1.04825775276 1.04825775276 -1.00801514664 -1.00801514664
1 28 4 0.227617012222 0.227617012222 -1.03253762444 -1.03253762444 1.87075672282 1.87075672282 -0.150046874318 -0.150046874318
1 29 4 1.3633043304 1.3633043304 -1.71224842081 -1.71224842081 -0.643547961666 -0.643547961666 -0.858581010624 -0.858581010624
1 30 4 0.908190771522 0.908190771522 0.325256461029 0.325256461029 0.124992129277 0.124992129277 -0.552229656335 -0.552229656335
1 31 4 -1.40942183393 -1.40942183393 1.21729367971 1.21729367971 1.40921126418 1.40921126418 0.159410194573 0.159410194573
1 32 4 1.39077201711 1.39077201711 0.565398332256 0.565398332256 1.51859669248 1.51859669248 0.927517755676 0.927517755676
1 33 4 0.334904185738 0.334904185738 -1.96005003185 -1.96005003185 1.21998774087 1.21998774087 -0.108026108779 -0.108026108779
1 34 4 0.506749620179 0.506749620179 0.150552818857 0.150552818857 1.6147190817 1.6147190817 1.23769339964 1.23769339964
1 35 4 0.306241022548 0.306241022548 -1.71333552811 -1.71333552811 -0.591231275165 -0.591231275165 1.36298773093 1.36298773093
1 36 4 0.176657390601 0.176657390601 -1.51090802444 -1.51090802444 1.44486896706 1.44486896706 -1.37794695553 -1.37794695553
1 37 4 1.75512368992 1.75512368992 0.608668590597 0.608668590597 -0.632241866794 -0.632241866794 -1.32226559876 -1.32226559876
1 38 4 0.296227588734 0.296227588734 -1.60495246075 -1.60495246075 -1.60840376298 -1.60840376298 0.258390971762 0.258390971762
1 39 4 -1.05556122534 -1.05556122534 1.82475474727 1.82475474727 1.31804545757 1.31804545757 1.58777113395 1.58777113395
1 40 4 0.579171355216 0.579171355216 -1.21301096203 -1.21301096203 0.917707614822 0.917707614822 0.954164641199 0.954164641199
1 41 4 1.48517400874 1.48517400874 -1.13948799994 -1.13948799994 0.184681995452 0.184681995452 1.02888310913 1.02888310913
1 42 4 -1.16624369315 -1.16624369315 0.823590542904 0.823590542904 1.71494784311 1.71494784311 0.969724039985 0.969724039985
1 43 4 -1.26981229986 -1.26981229986 -0.38494263093 -0.38494263093 1.50536935578 1.50536935578 1.72109806166 1.72109806166
1 44 4 -0.395218485029 -0.395218485029 0.441526554675 0.441526554675 -1.49453571567 -1.49453571567 -1.91914210836 -1.91914210836
1 45 4 -0.679681317825 -0.679681317825 0.245647848434 0.245647848434 1.75984015949 1.75984015949 -0.15109267168 -0.15109267168
1 46 4 1.34055952259 1.34055952259 -0.624972890372 -0.624972890372 0.329713858007 0.329713858007 -0.38652402511 -0.38652402511
1 47 4 0.051550003581 0.051550003581 1.1575344333 1.1575344333 0.0339190303714 0.0339190303714 -1.90870545413 -1.90870545413
1 48 4 1.65478282848 1.65478282848 -1.45773445834 -1.45773445834 1.52829026274 1.52829026274 0.760449501416 0.760449501416
1 49 4 1.21123122382 1.21123122382 -1.04173057247 -1.04173057247 -1.69784324767 -1.69784324767 -1.63931076762 -1.63931076762
1 50 4 -0.18554182858 -0.18554182858 -1.02864244319 -1.02864244319 1.76826150857 1.76826150857 -0.492477291011 -0.492477291011
1 51 4 0.925879158505 0.925879158505 0.844899100019 0.844899100019 1.30711231065 1.30711231065 -1.43592198854 -1.43592198854
1 52 4 1.10092765434 1.10092765434 1.28197919324 1.28197919324 -0.841043863852 -0.841043863852 -0.0492914342426 -0.0492914342426
1 53 4 1.98944246301 1.98944246301 -0.105518551721 -0.105518551721 -1.21026930392 -1.21026930392 -0.776292660693 -0.776292660693
1 54 4 1.60389005813 1.60389005813 -1.67489350731 -1.67489350731 1.07068604722 1.07068604722 0.0555435371804 0.0555435371804
1 55 4 1.06217599884 1.06217599884 1.93113252999 1.93113252999 0.848050905018 0.848050905018 1.60997790841 1.60997790841
1 56 4 -0.798865142642 -0.798865142642 0.851240138086 0.851240138086 -1.57898424545 -1.57898424545 -1.6265727837 -1.6265727837
1 57 4 0.476784637586 0.476784637586 -0.57397418713 -0.57397418713 1.34141898747 1.34141898747 1.43793058401 1.43793058401
1 58 4 -1.91154281307 -1.91154281307 -1.01424593667 -1.01424593667 1.53535945515 1.53535945515 -0.0255199482509 -0.0255199482509
1 59 4 1.21359610564 1.21359610564 -0.604473725533 -0.604473725533 -0.927609873173 -0.927609873173 0.438259628313 0.438259628313
1 60 4 -1.91169309929 -1.91169309929 -0.707052611705 -0.707052611705 -1.82925817577 -1.82925817577 0.868569380496 0.868569380496
1 61 4 -1.97370210459 -1.97370210459 -0.440475040941 -0.440475040941 1.06765376363 1.06765376363 0.984195188118 0.984195188118
1 62 4 -1.54414649052 -1.54414649052 -1.56899208518 -1.56899208518 -0.801850181093 -0.801850181093 1.62243705811 1.62243705811
1 63 4 0.752497652069 0.752497652069 -0.378143212106 -0.378143212106 -0.887628924879 -0.887628924879 1.37915139672 1.37915139672
1 64 4 1.97040612311 1.97040612311 1.08313205785 1.08313205785 0.706566965186 0.706566965186 -1.39935902851 -1.39935902851
1 65 4 1.3393613493 1.3393613493 0.338235411122 0.338235411122 0.369953771859 0.369953771859 -0.484613140584 -0.484613140584
1 66 4 -1.29600097996 -1.29600097996 1.40451793514 1.40451793514 -0.332714295199 -0.332714295199 -0.853034139559 -0.853034139559
1 67 4 -0.65049343472 -0.65049343472 1.47927108739 1.47927108739 1.13766879405 1.13766879405 1.40618500188 1.40618500188
1 68 4 0.554258976614 0.554258976614 1.96410060334 1.96410060334 1.51854779843 1.51854779843 -1.12526911565 -1.12526911565
1 69 4 -0.485638512715 -0.485638512715 -0.715235627945 -0.715235627945 1.597169349 1.597169349 -1.44801434518 -1.44801434518
1 70 4 0.638550883745 0.638550883745 -1.90885647637 -1.90885647637 -1.59804680441 -1.59804680441 -1.51297489672 -1.51297489672
1 71 4 -1.31470142296 -1.31470142296 -1.98074454299 -1.98074454299 -0.547367062776 -0.547367062776 -1.31328621082 -1.31328621082
1 72 4 -1.62763780078 -1.62763780078 -0.963293734318 -0.963293734318 0.560735389417 0.560735389417 -1.01700086146 -1.01700086146
1 73 4 0.476583933063 0.476583933063 0.776288142501 0.776288142501 -0.0964710070527 -0.0964710070527 0.864979216754 0.864979216754
1 74 4 -0.671506526633 -0.671506526633 -0.589262519145 -0.589262519145 -1.35434604072 -1.35434604072 0.314898724448 0.314898724448
1 75 4 1.47875012959 1.47875012959 1.40875181384 1.40875181384 -0.595868144464 -0.595868144464 -0.171487566478 -0.171487566478
1 76 4 0.905667742236 0.905667742236 0.950428058056 0.950428058056 1.86692059125 1.86692059125 1.89475668134 1.89475668134
1 77 4 -1.85186833086 -1.85186833086 -1.12602914643 -1.12602914643 -0.194824620401 -0.194824620401 -1.99374409401 -1.99374409401
1 78 4 -0.510633775377 -0.510633775377 -1.94176629094 -1.94176629094 -0.697785236768 -0.697785236768 1.57885066307 1.57885066307
1 79 4 -1.30827187404 -1.30827187404 -0.239284924869 -0.239284924869 -0.962287830066 -0.962287830066 -1.32621971449 -1.32621971449
1 80 4 0.484198938699 0.484198938699 -1.97231615773 -1.97231615773 0.941069468495 0.941069468495 -1.10439492239 -1.10439492239
1 81 4 0.886901476714 0.886901476714 -0.375432405884 -0.375432405884 -0.303574946355 -0.303574946355 1.32824334171 1.32824334171
1 82 4 0.53337204928 0.53337204928 -0.588282451761 -0.588282451761 0.986397813019 0.986397813019 -1.68397161297 -1.68397161297
1 83 4 0.675994215151 0.675994215151 1.9686303596 1.9686303596 1.04570664184 1.04570664184 -1.18997305125 -1.18997305125
1 84 4 1.38164329041 1.38164329041 0.253038880218 0.253038880218 0.825886132702 0.825886132702 1.9543490794 1.9543490794
1 85 4 1.06632358681 1.06632358681 -1.82633212096 -1.82633212096 -0.80489429023 -0.80489429023 0.387635195502 0.387635195502
1 86 4 -0.988563667632 -0.988563667632 0.706410370467 0.706410370467 -1.03254319177 -1.03254319177 1.78212379758 1.78212379758
1 87 4 1.12373174754 1.12373174754 -0.571433987937 -0.571433987937 -1.67945796287 -1.67945796287 -0.760511628281 -0.760511628281
1 88 4 -1.69453896642 -1.69453896642 0.697546557944 0.697546557944 0.120188547593 0.120188547593 1.56940197541 1.56940197541
1 89 4 1.80379195556 1.80379195556 -0.264323523249 -0.264323523249 -1.54071193282 -1.54071193282 -1.90967753126 -1.90967753126
1 90 4 -0.877795523571 -0.877795523571 -1.01128701325 -1.01128701325 -0.201299972366 -0.201299972366 0.0915520235729 0.0915520235729
1 91 4 0.725406450086 0.725406450086 -1.10297537882 -1.10297537882 -0.593768229972 -0.593768229972 -1.45510919206 -1.45510919206
1 92 4 -0.457399583668 -0.457399583668 1.6769382243 1.6769382243 -1.96979810024 -1.96979810024 1.07768890107 1.07768890107
1 93 4 0.882670631571 0.882670631571 -1.64851624249 -1.64851624249 0.687067243613 0.687067243613 1.73493661069 1.73493661069
1 94 4 1.82409385432 1.82409385432 0.308255061252 0.308255061252 0.677483984862 0.677483984862 -0.0820047861033 -0.0820047861033
1 95 4 -1.74189295807 -1.74189295807 0.277044256042 0.277044256042 1.66704100132 1.66704100132 -1.93346425462 -1.93346425462
1 96 4 -1.7152594063 -1.7152594063 0.801319080008 0.801319080008 1.9979418255 1.9979418255 -0.623905450358 -0.623905450358
1 97 4 1.0303002744 1.0303002744 -0.0273805932758 -0.0273805932758 1.305808547 1.305808547 -1.06580190173 -1.06580190173
1 98 4 -1.97045187359 -1.97045187359 1.57939332282 1.57939332282 -1.85886462367 -1.85886462367 0.986817842441 0.986817842441
1 99 4 1.5582122289 1.5582122289 -0.65971981315 -0.65971981315 -1.10514301847 -1.10514301847 0.0353841911177 0.0353841911177
2 0 4 -0.875179292775 -0.375179292775 -0.584725405255 -0.0847254052548 0.647791785671 1.14779178567 -0.76123858412 -0.26123858412
2 1 4 -0.782069167788 -0.282069167788 -0.304333957657 0.195666042343 0.725160643842 1.22516064384 -0.426807491362 0.0731925086383
2 2 4 -0.38499705412 0.11500294588 -0.281453319762 0.218546680238 -0.239461378951 0.260538621049 -0.487655100324 0.012344899676
2 3 4 0.885281291266 1.38528129127 0.478681317602 0.978681317602 0.834164934802 1.3341649348 -0.0933072867207 0.406692713279
2 4 4 0.969310261029 1.46931026103 0.711029941659 1.21102994166 0.640125911681 1.14012591168 0.982741318593 1.48274131859
2 5 4 -0.744429022616 -0.244429022616 -0.983953993659 -0.483953993659 -0.511569893923 -0.0115698939228 0.29458590901 0.79458590901
2 6 4 0.389942802339 0.889942802339 -0.293584090562 0.206415909438 0.932784755482 1.43278475548 -0.593553294497 -0.0935532944967
2 7 4 0.422496933533 0.922496933533 0.849444700951 1.34944470095 0.0150058321468 0.515005832147 -0.746327746569 -0.246327746569
2 8 4 0.0846337753625 0.584633775363 0.741992256794 1.24199225679 -0.601481533674 -0.101481533674 -0.0500766264413 0.449923373559
2 9 4 0.642025526951 1.14202552695 0.745974901527 1.24597490153 0.0522318322562 0.552231832256 -0.665873234116 -0.165873234116
